{
  "hourGlass" : {
    "data" : [
      ["1111111111111111111111111", "0000000000000000000000000", "0000000000000000000000000", "0000000000000000000000000", "0000000000000000000000000", 0.04],
      ["0000001110011100111000000", "0000000000001000000000000", "0000000000000000000000000", "0000000000000000000000000", "0000000000000000000000000", 0.09],
      ["0000000000001000000000000", "0000000000001000000000000", "0000000000001000000000000", "0000000000000000000000000", "0000000000000000000000000", 0.09],
      ["0000000000000000000000000", "0000000000001000000000000", "0000000000001000000000000", "0000000000001000000000000", "0000000000000000000000000", 0.09],
      ["0000000000000000000000000", "0000000000000000000000000", "0000000000001000000000000", "0000000000001000000000000", "0000000000001000000000000", 0.09],
      ["0000000000000000000000000", "0000000000000000000000000", "0000000000000000000000000", "0000000000001000000000000", "0000001110011100111000000", 0.09],
      ["0000000000000000000000000", "0000000000000000000000000", "0000000000000000000000000", "0000000000000000000000000", "1111111111111111111111111", 0.09],
      ["0000000000000000000000000", "0000000000000000000000000", "0000000000000000000000000", "1111110001100011000111111", "1111111111110111111111111", 0.04],
      ["0000000000000000000000000", "0000000000000000000000000", "1111110001100011000111111", "1111110001100011000111111", "1111110001100011000111111", 0.04],
      ["0000000000000000000000000", "1111110001100011000111111", "1111110001100011000111111", "1111110001100011000111111", "0000000000000000000000000", 0.04],
      ["1111110001100011000111111", "1111110001100011000111111", "1111110001100011000111111", "0000000000000000000000000", "0000000000000000000000000", 0.04],
      ["1111111111110111111111111", "1111110001100011000111111", "0000000000000000000000000", "0000000000000000000000000", "0000000000000000000000000", 0.04]
    ],
    "repeat" : 10
  },
  "hourGlass2" : {
    "data" : [
      ["0000000000000000000000000", "0000000000000000000000000", "0000000000000000000000000", "0000000000000000000000000", "1111111111111111111111111", 0.04],
      ["0000000000000000000000000", "0000000000000000000000000", "0000000000000000000000000", "0000000000001000000000000", "0000001110011100111000000", 0.09],
      ["0000000000000000000000000", "0000000000000000000000000", "0000000000001000000000000", "0000000000001000000000000", "0000000000001000000000000", 0.09],
      ["0000000000000000000000000", "0000000000001000000000000", "0000000000001000000000000", "0000000000001000000000000", "0000000000000000000000000", 0.09],
      ["0000000000001000000000000", "0000000000001000000000000", "0000000000001000000000000", "0000000000000000000000000", "0000000000000000000000000", 0.09],
      ["0000001110011100111000000", "0000000000001000000000000", "0000000000000000000000000", "0000000000000000000000000", "0000000000000000000000000", 0.09],
      ["1111111111111111111111111", "0000000000000000000000000", "0000000000000000000000000", "0000000000000000000000000", "0000000000000000000000000", 0.04],
      ["1111111111110111111111111", "1111110001100011000111111", "0000000000000000000000000", "0000000000000000000000000", "0000000000000000000000000", 0.04],
      ["1111110001100011000111111", "1111110001100011000111111", "1111110001100011000111111", "0000000000000000000000000", "0000000000000000000000000", 0.04],
      ["0000000000000000000000000", "1111110001100011000111111", "1111110001100011000111111", "1111110001100011000111111", "0000000000000000000000000", 0.04],
      ["0000000000000000000000000", "0000000000000000000000000", "1111110001100011000111111", "1111110001100011000111111", "1111110001100011000111111", 0.04],
      ["0000000000000000000000000", "0000000000000000000000000", "0000000000000000000000000", "1111110001100011000111111", "1111111111110111111111111", 0.04]
    ],
    "repeat" : 10
  },
  "Squares1" : {
    "data" : [
      ["1111110001100011000111111", "1000100000000000000010001", "1000100000000000000010001", "1000100000000000000010001", "1111110001100011000111111", 0.3],
      ["0000000000000000000000000", "0000001110010100111000000", "0000001010000000101000000", "0000001110010100111000000", "0000000000000000000000000", 0.3],
      ["0000000000000000000000000", "0000000000000000000000000", "0000000000001000000000000", "0000000000000000000000000", "0000000000000000000000000", 0.3],
      ["0000000000000000000000000", "0000001110010100111000000", "0000001010000000101000000", "0000001110010100111000000", "0000000000000000000000000", 0.3]
    ],
    "repeat" : 7
  },
  "Squares2" : {
    "data" : [
      ["0000000000000000000000000", "0000000000000000000000000", "0000000000001000000000000", "0000000000000000000000000", "0000000000000000000000000", 0.3],
      ["0000000000000000000000000", "0000001110010100111000000", "0000001010000000101000000", "0000001110010100111000000", "0000000000000000000000000", 0.3],
      ["1111110001100011000111111", "1000100000000000000010001", "1000100000000000000010001", "1000100000000000000010001", "1111110001100011000111111", 0.3],
      ["0000000000000000000000000", "0000001110010100111000000", "0000001010000000101000000", "0000001110010100111000000", "0000000000000000000000000", 0.3]
    ],
    "repeat" : 7
  },
  "Fan1" : {
    "data" : [
      ["1000101010001000101010001", "1000101010001000101010001", "1000101010001000101010001", "1000101010001000101010001", "1000101010001000101010001", 0.08],
      ["0100001011001001101000010", "0100001011001001101000010", "0100001011001001101000010", "0100001011001001101000010", "0100001011001001101000010", 0.08],
      ["0100000101011101010000010", "0100000101011101010000010", "0100000101011101010000010", "0100000101011101010000010", "0100000101011101010000010", 0.08],
      ["0010000100111110010000100", "0010000100111110010000100", "0010000100111110010000100", "0010000100111110010000100", "0010000100111110010000100", 0.08],
      ["0001010100011100010101000", "0001010100011100010101000", "0001010100011100010101000", "0001010100011100010101000", "0001010100011100010101000", 0.08],
      ["0001011010001000101101000", "0001011010001000101101000", "0001011010001000101101000", "0001011010001000101101000", "0001011010001000101101000", 0.08]
    ],
    "repeat" : 15
  },
  "Fan2" : {
    "data" : [
      ["1000101010001000101010001", "1000101010001000101010001", "1000101010001000101010001", "1000101010001000101010001", "1000101010001000101010001", 0.08],
      ["0001011010001000101101000", "0001011010001000101101000", "0001011010001000101101000", "0001011010001000101101000", "0001011010001000101101000", 0.08],
      ["0001010100011100010101000", "0001010100011100010101000", "0001010100011100010101000", "0001010100011100010101000", "0001010100011100010101000", 0.08],
      ["0010000100111110010000100", "0010000100111110010000100", "0010000100111110010000100", "0010000100111110010000100", "0010000100111110010000100", 0.08],
      ["0100000101011101010000010", "0100000101011101010000010", "0100000101011101010000010", "0100000101011101010000010", "0100000101011101010000010", 0.08],
      ["0100001011001001101000010", "0100001011001001101000010", "0100001011001001101000010", "0100001011001001101000010", "0100001011001001101000010", 0.08]
    ],
    "repeat" : 15
  },
  "Fan3" : {
    "data" : [
      ["1000110001100011000110001", "0101001010010100101001010", "0010000100001000010000100", "0101001010010100101001010", "1000110001100011000110001", 0.08],
      ["0001000010000100001000010", "1101011010110101101011010", "0010000100001000010000100", "0101101011010110101101011", "1000010000100001000010000", 0.08],
      ["0001000010000100001000010", "1010010100101001010010100", "0111001110011100111001110", "0010100101001010010100101", "0100001000010000100001000", 0.08],
      ["0010000100001000010000100", "0010000100001000010000100", "1111111111111111111111111", "0010000100001000010000100", "0010000100001000010000100", 0.08],
      ["0100001000010000100001000", "0010100101001010010100101", "0111001110011100111001110", "1010010100101001010010100", "0001000010000100001000010", 0.08],
      ["0100001000010000100001000", "0101101011010110101101011", "0010000100001000010000100", "1101011010110101101011010", "0001000010000100001000010", 0.08]
    ],
    "repeat" : 15
  },
  "Fan4" : {
    "data" : [
      ["1000110001100011000110001", "0101001010010100101001010", "0010000100001000010000100", "0101001010010100101001010", "1000110001100011000110001", 0.08],
      ["0100001000010000100001000", "0101101011010110101101011", "0010000100001000010000100", "1101011010110101101011010", "0001000010000100001000010", 0.08],
      ["0100001000010000100001000", "0010100101001010010100101", "0111001110011100111001110", "1010010100101001010010100", "0001000010000100001000010", 0.08],
      ["0010000100001000010000100", "0010000100001000010000100", "1111111111111111111111111", "0010000100001000010000100", "0010000100001000010000100", 0.08],
      ["0001000010000100001000010", "1010010100101001010010100", "0111001110011100111001110", "0010100101001010010100101", "0100001000010000100001000", 0.08],
      ["0001000010000100001000010", "1101011010110101101011010", "0010000100001000010000100", "0101101011010110101101011", "1000010000100001000010000", 0.08]
    ],
    "repeat" : 15
  },
  "Fan5" : {
    "data" : [
      ["1111100000000000000011111", "0000011111000001111100000", "0000000000111110000000000", "0000011111000001111100000", "1111100000000000000011111", 0.08],
      ["0000000000000001111100000", "1111111111000001111100000", "0000000000111110000000000", "0000011111000001111111111", "0000011111000000000000000", 0.08],
      ["0000000000000001111100000", "1111100000111110000000000", "0000011111111111111100000", "0000000000111110000011111", "0000011111000000000000000", 0.08],
      ["0000000000111110000000000", "0000000000111110000000000", "1111111111111111111111111", "0000000000111110000000000", "0000000000111110000000000", 0.08],
      ["0000011111000000000000000", "0000000000111110000011111", "0000011111111111111100000", "1111100000111110000000000", "0000000000000001111100000", 0.08],
      ["0000011111000000000000000", "0000011111000001111111111", "0000000000111110000000000", "1111111111000001111100000", "0000000000000001111100000", 0.08]
    ],
    "repeat" : 15
  },
  "Fan6" : {
    "data" : [
      ["1111100000000000000011111", "0000011111000001111100000", "0000000000111110000000000", "0000011111000001111100000", "1111100000000000000011111", 0.08],
      ["0000011111000000000000000", "0000011111000001111111111", "0000000000111110000000000", "1111111111000001111100000", "0000000000000001111100000", 0.08],
      ["0000011111000000000000000", "0000000000111110000011111", "0000011111111111111100000", "1111100000111110000000000", "0000000000000001111100000", 0.08],
      ["0000000000111110000000000", "0000000000111110000000000", "1111111111111111111111111", "0000000000111110000000000", "0000000000111110000000000", 0.08],
      ["0000000000000001111100000", "1111100000111110000000000", "0000011111111111111100000", "0000000000111110000011111", "0000011111000000000000000", 0.08],
      ["0000000000000001111100000", "1111111111000001111100000", "0000000000111110000000000", "0000011111000001111111111", "0000011111000000000000000", 0.08]
    ],
    "repeat" : 15
  },
  "Firework1" : {
    "data" : [
      ["0000001000000000000000000", "0000000000000000000000000", "0000000000000000000000000", "0000000000000000000000000", "0000000000000000000000000", 0.1],
      ["0000000000000000000000000", "0000001000000000000000000", "0000000000000000000000000", "0000000000000000000000000", "0000000000000000000000000", 0.1],
      ["0000000000000000000000000", "0000000000000000000000000", "0000001000000000000000000", "0000000000000000000000000", "0000000000000000000000000", 0.1],
      ["0000000000000000000000000", "0000000000000000000000000", "0000000000000000000000000", "0000001000000000000000000", "0000000000000000000000000", 0.1],
      ["0000000000000000000000000", "0000000000000000000000000", "0000000000000000000000000", "0000000000000000000000000", "0000001000000000000000000", 0.1],
      ["0000000000000000000000000", "0000000000000000000000000", "0000000000000000000000000", "0000000000000000000000000", "1110011100111000000000000", 0.15],
      ["0000000000000000000000000", "0000000000000000000000000", "0000000000000000000000000", "0000000000000000000000000", "1111011110111101111000000", 0.15],
      ["0000000000000000000000000", "0000000000000000000000000", "0000000000000000000000000", "0000000000000000000000000", "1111111111111111111111111", 0.15],
      ["0000000000000000000000000", "0000000000000000000000000", "0000000000000000000000000", "0000000000000000000000000", "1111110111111111111111111", 0.15],
      ["0000000000000000000000000", "0000000000000000000000000", "0000000000000000000000000", "0000000000000000000000000", "0001100011000111111111111", 0.15],
      ["0000000000000000000000000", "0000000000000000000000000", "0000000000000000000000000", "0000000000000000000000000", "0000100001000010000111111", 0.15],
      ["0000000000000000000000000", "0000000000000000000000000", "0000000000000000000000000", "0000000000000000000000000", "0000000000000000000000000", 0.15]
    ],
    "repeat" : 2
  },
  "Firework2" : {
    "data" : [
      ["0000000100000000000000000", "0000000000000000000000000", "0000000000000000000000000", "0000000000000000000000000", "0000000000000000000000000", 0.1],
      ["0000000000000000000000000", "0000000100000000000000000", "0000000000000000000000000", "0000000000000000000000000", "0000000000000000000000000", 0.1],
      ["0000000000000000000000000", "0000000000000000000000000", "0000000100000000000000000", "0000000000000000000000000", "0000000000000000000000000", 0.1],
      ["0000000000000000000000000", "0000000000000000000000000", "0000000000000000000000000", "0000000100000000000000000", "0000000000000000000000000", 0.1],
      ["0000000000000000000000000", "0000000000000000000000000", "0000000000000000000000000", "0000000000000000000000000", "0000000100000000000000000", 0.1],
      ["0000000000000000000000000", "0000000000000000000000000", "0000000000000000000000000", "0000000000000000000000000", "0111001110011100000000000", 0.15],
      ["0000000000000000000000000", "0000000000000000000000000", "0000000000000000000000000", "0000000000000000000000000", "1111111111111111111100000", 0.15],
      ["0000000000000000000000000", "0000000000000000000000000", "0000000000000000000000000", "0000000000000000000000000", "1111111111111111111111111", 0.15],
      ["0000000000000000000000000", "0000000000000000000000000", "0000000000000000000000000", "0000000000000000000000000", "1111111011111111111111111", 0.15],
      ["0000000000000000000000000", "0000000000000000000000000", "0000000000000000000000000", "0000000000000000000000000", "1000110001100011111111111", 0.15],
      ["0000000000000000000000000", "0000000000000000000000000", "0000000000000000000000000", "0000000000000000000000000", "0000000000000000000011111", 0.15],
      ["0000000000000000000000000", "0000000000000000000000000", "0000000000000000000000000", "0000000000000000000000000", "0000000000000000000000000", 0.15]
    ],
    "repeat" : 2
  },
  "Firework3" : {
    "data" : [
      ["0000000010000000000000000", "0000000000000000000000000", "0000000000000000000000000", "0000000000000000000000000", "0000000000000000000000000", 0.1],
      ["0000000000000000000000000", "0000000010000000000000000", "0000000000000000000000000", "0000000000000000000000000", "0000000000000000000000000", 0.1],
      ["0000000000000000000000000", "0000000000000000000000000", "0000000010000000000000000", "0000000000000000000000000", "0000000000000000000000000", 0.1],
      ["0000000000000000000000000", "0000000000000000000000000", "0000000000000000000000000", "0000000010000000000000000", "0000000000000000000000000", 0.1],
      ["0000000000000000000000000", "0000000000000000000000000", "0000000000000000000000000", "0000000000000000000000000", "0000000010000000000000000", 0.1],
      ["0000000000000000000000000", "0000000000000000000000000", "0000000000000000000000000", "0000000000000000000000000", "0011100111001110000000000", 0.15],
      ["0000000000000000000000000", "0000000000000000000000000", "0000000000000000000000000", "0000000000000000000000000", "0111101111011110111100000", 0.15],
      ["0000000000000000000000000", "0000000000000000000000000", "0000000000000000000000000", "0000000000000000000000000", "1111111111111111111111111", 0.15],
      ["0000000000000000000000000", "0000000000000000000000000", "0000000000000000000000000", "0000000000000000000000000", "1111111101111111111111111", 0.15],
      ["0000000000000000000000000", "0000000000000000000000000", "0000000000000000000000000", "0000000000000000000000000", "1100011000110001111111111", 0.15],
      ["0000000000000000000000000", "0000000000000000000000000", "0000000000000000000000000", "0000000000000000000000000", "1000010000100001000011111", 0.15],
      ["0000000000000000000000000", "0000000000000000000000000", "0000000000000000000000000", "0000000000000000000000000", "0000000000000000000000000", 0.15]
    ],
    "repeat" : 2
  },
  "Fireworks4" : {
    "data" : [
      ["0000000000010000000000000", "0000000000000000000000000", "0000000000000000000000000", "0000000000000000000000000", "0000000000000000000000000", 0.1],
      ["0000000000000000000000000", "0000000000010000000000000", "0000000000000000000000000", "0000000000000000000000000", "0000000000000000000000000", 0.1],
      ["0000000000000000000000000", "0000000000000000000000000", "0000000000010000000000000", "0000000000000000000000000", "0000000000000000000000000", 0.1],
      ["0000000000000000000000000", "0000000000000000000000000", "0000000000000000000000000", "0000000000010000000000000", "0000000000000000000000000", 0.1],
      ["0000000000000000000000000", "0000000000000000000000000", "0000000000000000000000000", "0000000000000000000000000", "0000000000010000000000000", 0.1],
      ["0000000000000000000000000", "0000000000000000000000000", "0000000000000000000000000", "0000000000000000000000000", "0000011100111001110000000", 0.15],
      ["0000000000000000000000000", "0000000000000000000000000", "0000000000000000000000000", "0000000000000000000000000", "1111011110111101111011110", 0.15],
      ["0000000000000000000000000", "0000000000000000000000000", "0000000000000000000000000", "0000000000000000000000000", "1111111111111111111111111", 0.15],
      ["0000000000000000000000000", "0000000000000000000000000", "0000000000000000000000000", "0000000000000000000000000", "1111111111101111111111111", 0.15],
      ["0000000000000000000000000", "0000000000000000000000000", "0000000000000000000000000", "0000000000000000000000000", "1111100011000110001111111", 0.15],
      ["0000000000000000000000000", "0000000000000000000000000", "0000000000000000000000000", "0000000000000000000000000", "0000100001000010000100001", 0.15],
      ["0000000000000000000000000", "0000000000000000000000000", "0000000000000000000000000", "0000000000000000000000000", "0000000000000000000000000", 0.15]
    ],
    "repeat" : 2
  },
  "Fireworks5" : {
    "data" : [
      ["0000000000001000000000000", "0000000000000000000000000", "0000000000000000000000000", "0000000000000000000000000", "0000000000000000000000000", 0.1],
      ["0000000000000000000000000", "0000000000001000000000000", "0000000000000000000000000", "0000000000000000000000000", "0000000000000000000000000", 0.1],
      ["0000000000000000000000000", "0000000000000000000000000", "0000000000001000000000000", "0000000000000000000000000", "0000000000000000000000000", 0.1],
      ["0000000000000000000000000", "0000000000000000000000000", "0000000000000000000000000", "0000000000001000000000000", "0000000000000000000000000", 0.1],
      ["0000000000000000000000000", "0000000000000000000000000", "0000000000000000000000000", "0000000000000000000000000", "0000000000001000000000000", 0.1],
      ["0000000000000000000000000", "0000000000000000000000000", "0000000000000000000000000", "0000000000000000000000000", "0000001110011100111000000", 0.15],
      ["0000000000000000000000000", "0000000000000000000000000", "0000000000000000000000000", "0000000000000000000000000", "1111111111111111111111111", 0.15],
      ["0000000000000000000000000", "0000000000000000000000000", "0000000000000000000000000", "0000000000000000000000000", "1111111111110111111111111", 0.15],
      ["0000000000000000000000000", "0000000000000000000000000", "0000000000000000000000000", "0000000000000000000000000", "1111110001100011000111111", 0.15],
      ["0000000000000000000000000", "0000000000000000000000000", "0000000000000000000000000", "0000000000000000000000000", "0000000000000000000000000", 0.15]
    ],
    "repeat" : 2
  },
  "Fireworks6" : {
    "data" : [
      ["0000000000000100000000000", "0000000000000000000000000", "0000000000000000000000000", "0000000000000000000000000", "0000000000000000000000000", 0.1],
      ["0000000000000000000000000", "0000000000000100000000000", "0000000000000000000000000", "0000000000000000000000000", "0000000000000000000000000", 0.1],
      ["0000000000000000000000000", "0000000000000000000000000", "0000000000000100000000000", "0000000000000000000000000", "0000000000000000000000000", 0.1],
      ["0000000000000000000000000", "0000000000000000000000000", "0000000000000000000000000", "0000000000000100000000000", "0000000000000000000000000", 0.1],
      ["0000000000000000000000000", "0000000000000000000000000", "0000000000000000000000000", "0000000000000000000000000", "0000000000000100000000000", 0.1],
      ["0000000000000000000000000", "0000000000000000000000000", "0000000000000000000000000", "0000000000000000000000000", "0000000111001110011100000", 0.15],
      ["0000000000000000000000000", "0000000000000000000000000", "0000000000000000000000000", "0000000000000000000000000", "0111101111011110111101111", 0.15],
      ["0000000000000000000000000", "0000000000000000000000000", "0000000000000000000000000", "0000000000000000000000000", "1111111111111111111111111", 0.15],
      ["0000000000000000000000000", "0000000000000000000000000", "0000000000000000000000000", "0000000000000000000000000", "1111111111111011111111111", 0.15],
      ["0000000000000000000000000", "0000000000000000000000000", "0000000000000000000000000", "0000000000000000000000000", "1111111000110001100011111", 0.15],
      ["0000000000000000000000000", "0000000000000000000000000", "0000000000000000000000000", "0000000000000000000000000", "1000010000100001000010000", 0.15],
      ["0000000000000000000000000", "0000000000000000000000000", "0000000000000000000000000", "0000000000000000000000000", "0000000000000000000000000", 0.15]
    ],
    "repeat" : 2
  },
  "Fireworks7" : {
    "data" : [
      ["0000000000000000100000000", "0000000000000000000000000", "0000000000000000000000000", "0000000000000000000000000", "0000000000000000000000000", 0.1],
      ["0000000000000000000000000", "0000000000000000100000000", "0000000000000000000000000", "0000000000000000000000000", "0000000000000000000000000", 0.1],
      ["0000000000000000000000000", "0000000000000000000000000", "0000000000000000100000000", "0000000000000000000000000", "0000000000000000000000000", 0.1],
      ["0000000000000000000000000", "0000000000000000000000000", "0000000000000000000000000", "0000000000000000100000000", "0000000000000000000000000", 0.1],
      ["0000000000000000000000000", "0000000000000000000000000", "0000000000000000000000000", "0000000000000000000000000", "0000000000000000100000000", 0.1],
      ["0000000000000000000000000", "0000000000000000000000000", "0000000000000000000000000", "0000000000000000000000000", "0000000000111001110011100", 0.15],
      ["0000000000000000000000000", "0000000000000000000000000", "0000000000000000000000000", "0000000000000000000000000", "0000011110111101111011110", 0.15],
      ["0000000000000000000000000", "0000000000000000000000000", "0000000000000000000000000", "0000000000000000000000000", "1111111111111111111111111", 0.15],
      ["0000000000000000000000000", "0000000000000000000000000", "0000000000000000000000000", "0000000000000000000000000", "1111111111111111011111111", 0.15],
      ["0000000000000000000000000", "0000000000000000000000000", "0000000000000000000000000", "0000000000000000000000000", "1111111111000110001100011", 0.15],
      ["0000000000000000000000000", "0000000000000000000000000", "0000000000000000000000000", "0000000000000000000000000", "1111100001000010000100001", 0.15],
      ["0000000000000000000000000", "0000000000000000000000000", "0000000000000000000000000", "0000000000000000000000000", "0000000000000000000000000", 0.15]
    ],
    "repeat" : 2
  },
  "Fireworks8" : {
    "data" : [
      ["0000000000000000010000000", "0000000000000000000000000", "0000000000000000000000000", "0000000000000000000000000", "0000000000000000000000000", 0.1],
      ["0000000000000000000000000", "0000000000000000010000000", "0000000000000000000000000", "0000000000000000000000000", "0000000000000000000000000", 0.1],
      ["0000000000000000000000000", "0000000000000000000000000", "0000000000000000010000000", "0000000000000000000000000", "0000000000000000000000000", 0.1],
      ["0000000000000000000000000", "0000000000000000000000000", "0000000000000000000000000", "0000000000000000010000000", "0000000000000000000000000", 0.1],
      ["0000000000000000000000000", "0000000000000000000000000", "0000000000000000000000000", "0000000000000000000000000", "0000000000000000010000000", 0.1],
      ["0000000000000000000000000", "0000000000000000000000000", "0000000000000000000000000", "0000000000000000000000000", "0000000000011100111001110", 0.15],
      ["0000000000000000000000000", "0000000000000000000000000", "0000000000000000000000000", "0000000000000000000000000", "0000011111111111111111111", 0.15],
      ["0000000000000000000000000", "0000000000000000000000000", "0000000000000000000000000", "0000000000000000000000000", "1111111111111111111111111", 0.15],
      ["0000000000000000000000000", "0000000000000000000000000", "0000000000000000000000000", "0000000000000000000000000", "1111111111111111101111111", 0.15],
      ["0000000000000000000000000", "0000000000000000000000000", "0000000000000000000000000", "0000000000000000000000000", "1111111111100011000110001", 0.15],
      ["0000000000000000000000000", "0000000000000000000000000", "0000000000000000000000000", "0000000000000000000000000", "1111100000000000000000000", 0.15],
      ["0000000000000000000000000", "0000000000000000000000000", "0000000000000000000000000", "0000000000000000000000000", "0000000000000000000000000", 0.15]
    ],
    "repeat" : 2
  },
  "Fireworks9" : {
    "data" : [
      ["0000000000000000001000000", "0000000000000000000000000", "0000000000000000000000000", "0000000000000000000000000", "0000000000000000000000000", 0.1],
      ["0000000000000000000000000", "0000000000000000001000000", "0000000000000000000000000", "0000000000000000000000000", "0000000000000000000000000", 0.1],
      ["0000000000000000000000000", "0000000000000000000000000", "0000000000000000001000000", "0000000000000000000000000", "0000000000000000000000000", 0.1],
      ["0000000000000000000000000", "0000000000000000000000000", "0000000000000000000000000", "0000000000000000001000000", "0000000000000000000000000", 0.1],
      ["0000000000000000000000000", "0000000000000000000000000", "0000000000000000000000000", "0000000000000000000000000", "0000000000000000001000000", 0.1],
      ["0000000000000000000000000", "0000000000000000000000000", "0000000000000000000000000", "0000000000000000000000000", "0000000000001110011100111", 0.15],
      ["0000000000000000000000000", "0000000000000000000000000", "0000000000000000000000000", "0000000000000000000000000", "0000001111011110111101111", 0.15],
      ["0000000000000000000000000", "0000000000000000000000000", "0000000000000000000000000", "0000000000000000000000000", "1111111111111111111111111", 0.15],
      ["0000000000000000000000000", "0000000000000000000000000", "0000000000000000000000000", "0000000000000000000000000", "1111111111111111110111111", 0.15],
      ["0000000000000000000000000", "0000000000000000000000000", "0000000000000000000000000", "0000000000000000000000000", "1111111111110001100011000", 0.15],
      ["0000000000000000000000000", "0000000000000000000000000", "0000000000000000000000000", "0000000000000000000000000", "1111110000100001000010000", 0.15],
      ["0000000000000000000000000", "0000000000000000000000000", "0000000000000000000000000", "0000000000000000000000000", "0000000000000000000000000", 0.15]
    ],
    "repeat" : 2
  },
  "Holes" : {
    "data" : [
      ["1010101010101010101010101", "0101010101010101010101010", "1010101010101010101010101", "0101010101010101010101010", "1010101010101010101010101", 0.7],
      ["0101010101010101010101010", "1010101010101010101010101", "0101010101010101010101010", "1010101010101010101010101", "0101010101010101010101010", 0.7]
    ],
    "repeat" : 10
  },
  "SimpleWall1" : {
    "data" : [
      ["1111111111111111111111111", "0000000000000000000000000", "0000000000000000000000000", "0000000000000000000000000", "0000000000000000000000000", 0.1],
      ["0000000000000000000000000", "1111111111111111111111111", "0000000000000000000000000", "0000000000000000000000000", "0000000000000000000000000", 0.1],
      ["0000000000000000000000000", "0000000000000000000000000", "1111111111111111111111111", "0000000000000000000000000", "0000000000000000000000000", 0.1],
      ["0000000000000000000000000", "0000000000000000000000000", "0000000000000000000000000", "1111111111111111111111111", "0000000000000000000000000", 0.1],
      ["0000000000000000000000000", "0000000000000000000000000", "0000000000000000000000000", "0000000000000000000000000", "1111111111111111111111111", 0.1],
      ["0000000000000000000000000", "0000000000000000000000000", "0000000000000000000000000", "0000000000000000000000000", "1111111111111111111111111", 0.1],
      ["0000000000000000000000000", "0000000000000000000000000", "0000000000000000000000000", "1111111111111111111111111", "0000000000000000000000000", 0.1],
      ["0000000000000000000000000", "0000000000000000000000000", "1111111111111111111111111", "0000000000000000000000000", "0000000000000000000000000", 0.1],
      ["0000000000000000000000000", "1111111111111111111111111", "0000000000000000000000000", "0000000000000000000000000", "0000000000000000000000000", 0.1],
      ["1111111111111111111111111", "0000000000000000000000000", "0000000000000000000000000", "0000000000000000000000000", "0000000000000000000000000", 0.1]
    ],
    "repeat" : 8
  },
  "SimpleWall2" : {
    "data" : [
      ["1000010000100001000010000", "1000010000100001000010000", "1000010000100001000010000", "1000010000100001000010000", "1000010000100001000010000", 0.1],
      ["0100001000010000100001000", "0100001000010000100001000", "0100001000010000100001000", "0100001000010000100001000", "0100001000010000100001000", 0.1],
      ["0010000100001000010000100", "0010000100001000010000100", "0010000100001000010000100", "0010000100001000010000100", "0010000100001000010000100", 0.1],
      ["0001000010000100001000010", "0001000010000100001000010", "0001000010000100001000010", "0001000010000100001000010", "0001000010000100001000010", 0.1],
      ["0000100001000010000100001", "0000100001000010000100001", "0000100001000010000100001", "0000100001000010000100001", "0000100001000010000100001", 0.1],
      ["0000100001000010000100001", "0000100001000010000100001", "0000100001000010000100001", "0000100001000010000100001", "0000100001000010000100001", 0.1],
      ["0001000010000100001000010", "0001000010000100001000010", "0001000010000100001000010", "0001000010000100001000010", "0001000010000100001000010", 0.1],
      ["0010000100001000010000100", "0010000100001000010000100", "0010000100001000010000100", "0010000100001000010000100", "0010000100001000010000100", 0.1],
      ["0100001000010000100001000", "0100001000010000100001000", "0100001000010000100001000", "0100001000010000100001000", "0100001000010000100001000", 0.1],
      ["1000010000100001000010000", "1000010000100001000010000", "1000010000100001000010000", "1000010000100001000010000", "1000010000100001000010000", 0.1]
    ],
    "repeat" : 8
  },
  "SimpleWall3" : {
    "data" : [
      ["1111100000000000000000000", "1111100000000000000000000", "1111100000000000000000000", "1111100000000000000000000", "1111100000000000000000000", 0.1],
      ["0000011111000000000000000", "0000011111000000000000000", "0000011111000000000000000", "0000011111000000000000000", "0000011111000000000000000", 0.1],
      ["0000000000111110000000000", "0000000000111110000000000", "0000000000111110000000000", "0000000000111110000000000", "0000000000111110000000000", 0.1],
      ["0000000000000001111100000", "0000000000000001111100000", "0000000000000001111100000", "0000000000000001111100000", "0000000000000001111100000", 0.1],
      ["0000000000000000000011111", "0000000000000000000011111", "0000000000000000000011111", "0000000000000000000011111", "0000000000000000000011111", 0.1],
      ["0000000000000000000011111", "0000000000000000000011111", "0000000000000000000011111", "0000000000000000000011111", "0000000000000000000011111", 0.1],
      ["0000000000000001111100000", "0000000000000001111100000", "0000000000000001111100000", "0000000000000001111100000", "0000000000000001111100000", 0.1],
      ["0000000000111110000000000", "0000000000111110000000000", "0000000000111110000000000", "0000000000111110000000000", "0000000000111110000000000", 0.1],
      ["0000011111000000000000000", "0000011111000000000000000", "0000011111000000000000000", "0000011111000000000000000", "0000011111000000000000000", 0.1],
      ["1111100000000000000000000", "1111100000000000000000000", "1111100000000000000000000", "1111100000000000000000000", "1111100000000000000000000", 0.1]
    ],
    "repeat" : 8
  },
  "Wave1" : {
    "data" : [
      ["1000010000100001000010000", "0100001000010000100001000", "0010000100001000010000100", "0001000010000100001000010", "0000100001000010000100001", 0.1],
      ["0000000000000000000000000", "1000010000100001000010000", "0100001000010000100001000", "0010100101001010010100101", "0001000010000100001000010", 0.1],
      ["0000000000000000000000000", "0000000000000000000000000", "1000110001100011000110001", "0101001010010100101001010", "0010000100001000010000100", 0.1],
      ["0000000000000000000000000", "0000100001000010000100001", "0001000010000100001000010", "1010010100101001010010100", "0100001000010000100001000", 0.1],
      ["0000100001000010000100001", "0001000010000100001000010", "0010000100001000010000100", "0100001000010000100001000", "1000010000100001000010000", 0.1],
      ["0001000010000100001000010", "0010100101001010010100101", "0100001000010000100001000", "1000010000100001000010000", "0000000000000000000000000", 0.1],
      ["0010000100001000010000100", "0101001010010100101001010", "1000110001100011000110001", "0000000000000000000000000", "0000000000000000000000000", 0.1],
      ["0100001000010000100001000", "1010010100101001010010100", "0001000010000100001000010", "0000100001000010000100001", "0000000000000000000000000", 0.1]
    ],
    "repeat" : 8
  },
  "Wave2" : {
    "data" : [
      ["0000000000000000000011111", "0000000000000001111100000", "0000000000111110000000000", "0000011111000000000000000", "1111100000000000000000000", 0.1],
      ["0000000000000000000000000", "0000000000000000000011111", "0000000000000001111100000", "1111100000111110000000000", "0000011111000000000000000", 0.1],
      ["0000000000000000000000000", "0000000000000000000000000", "1111100000000000000011111", "0000011111000001111100000", "0000000000111110000000000", 0.1],
      ["0000000000000000000000000", "1111100000000000000000000", "0000011111000000000000000", "0000000000111110000011111", "0000000000000001111100000", 0.1],
      ["1111100000000000000000000", "0000011111000000000000000", "0000000000111110000000000", "0000000000000001111100000", "0000000000000000000011111", 0.1],
      ["0000011111000000000000000", "1111100000111110000000000", "0000000000000001111100000", "0000000000000000000011111", "0000000000000000000000000", 0.1],
      ["0000000000111110000000000", "0000011111000001111100000", "1111100000000000000011111", "0000000000000000000000000", "0000000000000000000000000", 0.1],
      ["0000000000000001111100000", "0000000000111110000011111", "0000011111000000000000000", "1111100000000000000000000", "0000000000000000000000000", 0.1]
    ],
    "repeat" : 8
  },
  "Wave3" : {
    "data" : [
      ["1000010000100001000010000", "0100001000010000100001000", "0010000100001000010000100", "0001000010000100001000010", "0000100001000010000100001", 0.1],
      ["0100001000010000100001000", "0010000100001000010000100", "0001000010000100001000010", "0000100001000010000100001", "0001000010000100001000010", 0.1],
      ["0010000100001000010000100", "0001000010000100001000010", "0000100001000010000100001", "0001000010000100001000010", "0010000100001000010000100", 0.1],
      ["0001000010000100001000010", "0000100001000010000100001", "0001000010000100001000010", "0010000100001000010000100", "0100001000010000100001000", 0.1],
      ["0000100001000010000100001", "0001000010000100001000010", "0010000100001000010000100", "0100001000010000100001000", "1000010000100001000010000", 0.1],
      ["0001000010000100001000010", "0010000100001000010000100", "0100001000010000100001000", "1000010000100001000010000", "0100001000010000100001000", 0.1],
      ["0010000100001000010000100", "0100001000010000100001000", "1000010000100001000010000", "0100001000010000100001000", "0010000100001000010000100", 0.1],
      ["0100001000010000100001000", "1000010000100001000010000", "0100001000010000100001000", "0010000100001000010000100", "0001000010000100001000010", 0.1]
    ],
    "repeat" : 8
  },
  "Wave4" : {
    "data" : [
      ["1111100000000000000000000", "0000011111000000000000000", "0000000000111110000000000", "0000000000000001111100000", "0000000000000000000011111", 0.1],
      ["0000011111000000000000000", "0000000000111110000000000", "0000000000000001111100000", "0000000000000000000011111", "0000000000000001111100000", 0.1],
      ["0000000000111110000000000", "0000000000000001111100000", "0000000000000000000011111", "0000000000000001111100000", "0000000000111110000000000", 0.1],
      ["0000000000000001111100000", "0000000000000000000011111", "0000000000000001111100000", "0000000000111110000000000", "0000011111000000000000000", 0.1],
      ["0000000000000000000011111", "0000000000000001111100000", "0000000000111110000000000", "0000011111000000000000000", "1111100000000000000000000", 0.1],
      ["0000000000000001111100000", "0000000000111110000000000", "0000011111000000000000000", "1111100000000000000000000", "0000011111000000000000000", 0.1],
      ["0000000000111110000000000", "0000011111000000000000000", "1111100000000000000000000", "0000011111000000000000000", "0000000000111110000000000", 0.1],
      ["0000011111000000000000000", "1111100000000000000000000", "0000011111000000000000000", "0000000000111110000000000", "0000000000000001111100000", 0.1]
    ],
    "repeat" : 8
  },
  "D_Wave1" : {
    "data" : [
      ["0000100000000000000010000", "0001000001000001000001000", "0010000010100010100000100", "0100010100010100010100010", "1000001000001000001000001", 0.1],
      ["0000000000000000000000000", "0000100000000000000010000", "0001000001000001000001000", "1010001010101010101000101", "0100010100010100010100010", 0.1],
      ["0000000000000000000000000", "0000000000000000000000000", "1000101000001000001010001", "0101010101010101010101010", "0010000010100010100000100", 0.1],
